19. 6. 2020
18. 6. 2020
17. 6. 2020
16. 6. 2020
15. 6. 2020
13. 6. 2020
13. 6. 2020
10. 6. 2020
9. 6. 2020
9. 6. 2020
8. 6. 2020
1. 6. 2020
30. 5. 2020
27. 5. 2020
25. 5. 2020
23. 5. 2020
20. 5. 2020
20. 5. 2020
17. 5. 2020
17. 5. 2020
15. 5. 2020
14. 5. 2020
14. 5. 2020
12. 5. 2020
12. 5. 2020
12. 5. 2020
11. 5. 2020
6. 5. 2020
2. 5. 2020
1. 5. 2020
29. 4. 2020
26. 4. 2020
25. 4. 2020
25. 4. 2020
24. 4. 2020
24. 4. 2020
19. 4. 2020
18. 4. 2020
14. 4. 2020
14. 4. 2020
7. 4. 2020
26. 3. 2020
21. 3. 2020
15. 3. 2020
29. 2. 2020
23. 2. 2020
20. 2. 2020
20. 2. 2020
19. 2. 2020
13. 2. 2020
8. 2. 2020
7. 2. 2020
4. 2. 2020
3. 2. 2020
29. 1. 2020
22. 1. 2020
16. 1. 2020
8. 1. 2020
7. 1. 2020
7. 1. 2020
21. 12. 2019
8. 12. 2019
4. 12. 2019
4. 12. 2019
4. 12. 2019
7. 11. 2019
5. 11. 2019
4. 11. 2019
1. 11. 2019
27. 10. 2019
25. 10. 2019
14. 10. 2019
7. 10. 2019
3. 10. 2019
2. 10. 2019
26. 9. 2019
23. 9. 2019
11. 9. 2019
6. 9. 2019
5. 9. 2019
2. 9. 2019
1. 9. 2019
22. 8. 2019
20. 8. 2019
20. 8. 2019
20. 8. 2019
19. 8. 2019
16. 8. 2019
15. 8. 2019
14. 8. 2019
10. 8. 2019
7. 8. 2019
6. 8. 2019
3. 8. 2019
1. 8. 2019
1. 8. 2019
31. 7. 2019
30. 7. 2019
29. 7. 2019
27. 7. 2019
26. 7. 2019
25. 7. 2019
24. 7. 2019
23. 7. 2019
22. 7. 2019
22. 7. 2019
21. 7. 2019
21. 7. 2019
20. 7. 2019
20. 7. 2019
17. 7. 2019
15. 7. 2019
14. 7. 2019
13. 7. 2019
11. 7. 2019
8. 7. 2019
8. 7. 2019
8. 7. 2019
5. 7. 2019
4. 7. 2019
1. 7. 2019
29. 6. 2019
22. 6. 2019
20. 6. 2019
18. 6. 2019
17. 6. 2019
16. 6. 2019
11. 6. 2019
9. 6. 2019
6. 6. 2019
6. 6. 2019
5. 6. 2019
31. 5. 2019
28. 5. 2019
25. 5. 2019
24. 5. 2019
24. 5. 2019
13. 5. 2019
9. 5. 2019
7. 5. 2019
5. 5. 2019
5. 5. 2019
3. 5. 2019
2. 5. 2019
28. 4. 2019
27. 4. 2019
26. 4. 2019
26. 4. 2019
25. 4. 2019
25. 4. 2019
25. 4. 2019
24. 4. 2019
23. 4. 2019
22. 4. 2019
22. 4. 2019
20. 4. 2019
20. 4. 2019
19. 4. 2019
10. 4. 2019
9. 4. 2019
2. 4. 2019
30. 3. 2019
29. 3. 2019
28. 3. 2019
28. 3. 2019
27. 3. 2019
26. 3. 2019
25. 3. 2019
22. 3. 2019
20. 3. 2019
3. 3. 2019
21. 2. 2019
19. 2. 2019
9. 2. 2019
25. 1. 2019
15. 1. 2019
11. 1. 2019
10. 1. 2019
7. 1. 2019
19. 12. 2018
17. 12. 2018
9. 12. 2018
7. 12. 2018
2. 12. 2018
27. 11. 2018
26. 11. 2018
15. 11. 2018
12. 11. 2018
8. 11. 2018
7. 11. 2018
5. 11. 2018
3. 11. 2018
25. 10. 2018
24. 10. 2018
23. 10. 2018
22. 10. 2018
21. 10. 2018
18. 10. 2018
17. 10. 2018
15. 10. 2018
9. 10. 2018
3. 10. 2018
26. 9. 2018
25. 9. 2018
22. 9. 2018
20. 9. 2018
20. 9. 2018
18. 9. 2018
8. 9. 2018
8. 9. 2018
6. 9. 2018
2. 9. 2018
2. 9. 2018
2. 9. 2018
30. 8. 2018
29. 8. 2018
27. 8. 2018
26. 8. 2018
26. 8. 2018
24. 8. 2018
24. 8. 2018
23. 8. 2018
23. 8. 2018
22. 8. 2018
22. 8. 2018
21. 8. 2018
21. 8. 2018
21. 8. 2018
19. 8. 2018
18. 8. 2018
17. 8. 2018
17. 8. 2018
17. 8. 2018
16. 8. 2018
15. 8. 2018
15. 8. 2018
13. 8. 2018
13. 8. 2018
12. 8. 2018
9. 8. 2018
7. 8. 2018
4. 8. 2018
3. 8. 2018
1. 8. 2018
26. 7. 2018
25. 7. 2018
25. 7. 2018
21. 7. 2018
21. 7. 2018
16. 7. 2018
23. 6. 2018
17. 6. 2018
6. 6. 2018
31. 5. 2018
17. 5. 2018
9. 5. 2018
7. 5. 2018
19. 4. 2018
19. 10. 2017
7. 8. 2017
11. 7. 2017
20. 6. 2017
29. 5. 2017
14. 2. 2017
4. 2. 2016
